"","1","2","3","4","5","6","7","8","9","10","11","12","13","14","15","16","17","18","19","20","21","22","23","24","25","26","27","28","29","30"
"1",0,0.255107358765895,0.275406504065041,0.449343339587242,0.257452574525745,0.351626016260163,0.391090785907859,0.376242095754291,0.305781391147245,0.334545028142589,0.353238015138772,0.376742160278746,0.283820826714014,0.291953304148426,0.234978039435567,0.417570009033424,0.349254742547426,0.539712320200125,0.443089430894309,0.338649155722326,0.442818428184282,0.464769647696477,0.275301373703392,0.219512195121951,0.36080740117746,0.449186991869919,0.368376787216148,0.39712543554007,0.345934959349594,0.294785534062237
"2",0.255107358765895,0,0.255107358765895,0.322662601626016,0.186939754012925,0.285803627267042,0.449186991869919,0.309349593495935,0.262299353762768,0.324108818011257,0.399349593495935,0.328642901813634,0.290719894378431,0.197988326037107,0.196476964769648,0.303414634146341,0.244736293516781,0.439024390243902,0.402439024390244,0.215082343131124,0.294444444444444,0.357554200542005,0.273573761378639,0.259902022097144,0.320095893266625,0.357073170731707,0.432266694461816,0.447256097560976,0.442307692307692,0.346747967479675
"3",0.275406504065041,0.255107358765895,0,0.431988742964353,0.181571815718157,0.312434855117782,0.328173858661664,0.210027100271003,0.388263498019596,0.329151031894934,0.35230352303523,0.267228029423151,0.271325332300942,0.262976860537836,0.198993418505614,0.239159891598916,0.307007355787844,0.348499061913696,0.327392120075047,0.228476130915155,0.329810298102981,0.399390243902439,0.284794812233837,0.165698799845141,0.290214866434379,0.279584462511292,0.348432055749129,0.300869467028004,0.278455284552846,0.343947606142728
"4",0.449343339587242,0.322662601626016,0.431988742964353,0,0.33739837398374,0.336890243902439,0.334427767354597,0.446060037523452,0.356707317073171,0.392276422764228,0.544090056285178,0.489993746091307,0.526214300604544,0.310975609756098,0.441369606003752,0.476860537836148,0.437304565353346,0.489681050656661,0.463101938711695,0.454268292682927,0.359078590785908,0.233062330623306,0.423181154888472,0.499687304565353,0.490306441525954,0.453408380237649,0.611788617886179,0.628361475922452,0.596466541588493,0.422764227642277
"5",0.257452574525745,0.186939754012925,0.181571815718157,0.33739837398374,0,0.216958515739004,0.418529810298103,0.348780487804878,0.240636508929192,0.29651344590369,0.38769647696477,0.298155096935585,0.275953721075672,0.143492460565631,0.19826627753457,0.277127371273713,0.214248488638732,0.416158536585366,0.440548780487805,0.221562087415746,0.279065040650406,0.307926829268293,0.321433534848169,0.205406156625669,0.307535959974984,0.389322493224932,0.373636300465569,0.432926829268293,0.410986032937252,0.349728997289973
"6",0.351626016260163,0.285803627267042,0.312434855117782,0.336890243902439,0.216958515739004,0,0.413617886178862,0.343143631436314,0.300865124035856,0.405722326454034,0.487967479674797,0.382947675630603,0.362118685289417,0.166197623514697,0.324994788409423,0.362764227642276,0.29904106733375,0.408536585365854,0.388211382113821,0.253648113404211,0.343414634146341,0.284383468834688,0.357167674240845,0.36027725661872,0.316447779862414,0.40869918699187,0.52850740045862,0.534878048780488,0.494110902647488,0.495853658536585
"7",0.391090785907859,0.449186991869919,0.328173858661664,0.334427767354597,0.418529810298103,0.413617886178862,0,0.345137585991245,0.498814363143632,0.50389566395664,0.498023938572719,0.410999061913696,0.555268918073796,0.392107046070461,0.488221805294976,0.380498228059204,0.490306441525954,0.321294559099437,0.40697310819262,0.462906504065041,0.402608401084011,0.294884823848238,0.36864837398374,0.343044263775971,0.534943714821764,0.314832186783406,0.468339587242026,0.462554721701063,0.418529810298103,0.390187443541102
"8",0.376242095754291,0.309349593495935,0.210027100271003,0.446060037523452,0.348780487804878,0.343143631436314,0.345137585991245,0,0.406707317073171,0.392073170731707,0.296183378500452,0.433378500451671,0.396341463414634,0.314024390243902,0.371160794941283,0.291440831074977,0.390695573622403,0.347665207421305,0.284344381905358,0.29369918699187,0.321544715447155,0.377032520325203,0.304968383017164,0.273373983739837,0.443992773261066,0.228206865401987,0.444105691056911,0.362240289069557,0.340560072267389,0.351287262872629
"9",0.305781391147245,0.262299353762768,0.388263498019596,0.356707317073171,0.240636508929192,0.300865124035856,0.498814363143632,0.406707317073171,0,0.28244215134459,0.474619553887847,0.457942464040025,0.318879855465221,0.241192411924119,0.338753387533875,0.37550135501355,0.364654992703773,0.542174796747968,0.413577235772358,0.347404627892433,0.392073170731707,0.384823848238482,0.291935932179835,0.426169133486207,0.408762420957543,0.472520325203252,0.534778681120145,0.441369606003752,0.531165311653117,0.385657702730873
"10",0.334545028142589,0.324108818011257,0.329151031894934,0.392276422764228,0.29651344590369,0.405722326454034,0.50389566395664,0.392073170731707,0.28244215134459,0,0.342439024390244,0.366322701688555,0.267276422764228,0.295809881175735,0.275211069418387,0.290406504065041,0.377696998123827,0.461890243902439,0.390752032520325,0.413774233896185,0.281978319783198,0.334349593495935,0.336128048780488,0.354440275171982,0.349554409005629,0.384444444444444,0.424562226391495,0.383943089430894,0.48827392120075,0.443224932249323
"11",0.353238015138772,0.399349593495935,0.35230352303523,0.544090056285178,0.38769647696477,0.487967479674797,0.498023938572719,0.296183378500452,0.474619553887847,0.342439024390244,0,0.348859530261969,0.373790166473093,0.362493224932249,0.374758033294619,0.221544715447154,0.453252032520325,0.424953095684803,0.342366757000903,0.387967479674797,0.349620596205962,0.435467479674797,0.414960801393728,0.355110336817654,0.338632404181185,0.318654019873532,0.430458768873403,0.399317653890825,0.379678301093356,0.311781609195402
"12",0.376742160278746,0.328642901813634,0.267228029423151,0.489993746091307,0.298155096935585,0.382947675630603,0.410999061913696,0.433378500451671,0.457942464040025,0.366322701688555,0.348859530261969,0,0.353981158859208,0.258963935793204,0.339430894308943,0.317524841915086,0.359368950832365,0.389305816135084,0.430581613508443,0.298780487804878,0.356639566395664,0.405318428184282,0.421457607433217,0.334204413472706,0.266114982578397,0.326106594399277,0.331881533101045,0.346793134598013,0.34465737514518,0.498644986449865
"13",0.283820826714014,0.290719894378431,0.271325332300942,0.526214300604544,0.275953721075672,0.362118685289417,0.555268918073796,0.396341463414634,0.318879855465221,0.267276422764228,0.373790166473093,0.353981158859208,0,0.257174623028282,0.146092265520356,0.336043360433604,0.283520454252162,0.457629768605378,0.305103884372177,0.35265096240706,0.432520325203252,0.392276422764228,0.312282229965157,0.279036004645761,0.391941563093792,0.425925925925926,0.41661994206149,0.413654181184669,0.412881973647323,0.420731707317073
"14",0.291953304148426,0.197988326037107,0.262976860537836,0.310975609756098,0.143492460565631,0.166197623514697,0.392107046070461,0.314024390243902,0.241192411924119,0.295809881175735,0.362493224932249,0.258963935793204,0.257174623028282,0,0.279671322354249,0.281192411924119,0.253439649781113,0.390752032520325,0.302337398373984,0.254951011048572,0.232317073170732,0.173441734417344,0.327791675352651,0.300882496004447,0.282416093391703,0.335121951219512,0.439302341741366,0.471951219512195,0.391668403863526,0.433468834688347
"15",0.234978039435567,0.196476964769648,0.198993418505614,0.441369606003752,0.19826627753457,0.324994788409423,0.488221805294976,0.371160794941283,0.338753387533875,0.275211069418387,0.374758033294619,0.339430894308943,0.146092265520356,0.279671322354249,0,0.342592592592593,0.246031746031746,0.406191369606004,0.384598012646793,0.273313181849767,0.393360433604336,0.428353658536585,0.265437475803329,0.196122080268422,0.340248574899542,0.381436314363144,0.354811076846401,0.378847270615563,0.398467432950192,0.345286488579171
"16",0.417570009033424,0.303414634146341,0.239159891598916,0.476860537836148,0.277127371273713,0.362764227642276,0.380498228059204,0.291440831074977,0.37550135501355,0.290406504065041,0.221544715447154,0.317524841915086,0.336043360433604,0.281192411924119,0.342592592592593,0,0.427506775067751,0.338180112570356,0.375547217010632,0.379566395663957,0.224417344173442,0.33739837398374,0.369128274616079,0.333333333333333,0.370144534778681,0.246160794941283,0.44579945799458,0.4096657633243,0.484191508581752,0.338979223125565
"17",0.349254742547426,0.244736293516781,0.307007355787844,0.437304565353346,0.214248488638732,0.29904106733375,0.490306441525954,0.390695573622403,0.364654992703773,0.377696998123827,0.453252032520325,0.359368950832365,0.283520454252162,0.253439649781113,0.246031746031746,0.427506775067751,0,0.429799874921826,0.478267667292057,0.228319783197832,0.424119241192412,0.443936314363144,0.395260678797264,0.271196283391405,0.410423925667828,0.422990063233966,0.350174216027875,0.407181571815718,0.388404955478126,0.469286359530262
"18",0.539712320200125,0.439024390243902,0.348499061913696,0.489681050656661,0.416158536585366,0.408536585365854,0.321294559099437,0.347665207421305,0.542174796747968,0.461890243902439,0.424953095684803,0.389305816135084,0.457629768605378,0.390752032520325,0.406191369606004,0.338180112570356,0.429799874921826,0,0.41072545340838,0.456808943089431,0.348407859078591,0.356537940379404,0.396810506566604,0.3458411507192,0.522826766729206,0.291275797373358,0.402126328955597,0.359912445278299,0.356160100062539,0.461225766103815
"19",0.443089430894309,0.402439024390244,0.327392120075047,0.463101938711695,0.440548780487805,0.388211382113821,0.40697310819262,0.284344381905358,0.413577235772358,0.390752032520325,0.342366757000903,0.430581613508443,0.305103884372177,0.302337398373984,0.384598012646793,0.375547217010632,0.478267667292057,0.41072545340838,0,0.397865853658537,0.402947154471545,0.331131436314363,0.417083593912862,0.375234521575985,0.375790424570912,0.33223889931207,0.437895212285456,0.3403342366757,0.359078590785908,0.496386630532972
"20",0.338649155722326,0.215082343131124,0.228476130915155,0.454268292682927,0.221562087415746,0.253648113404211,0.462906504065041,0.29369918699187,0.347404627892433,0.413774233896185,0.387967479674797,0.298780487804878,0.35265096240706,0.254951011048572,0.273313181849767,0.379566395663957,0.228319783197832,0.456808943089431,0.397865853658537,0,0.396138211382114,0.390921409214092,0.32942464040025,0.277986241400876,0.287523452157599,0.330243902439024,0.40556597873671,0.360975609756098,0.366166353971232,0.443394308943089
"21",0.442818428184282,0.294444444444444,0.329810298102981,0.359078590785908,0.279065040650406,0.343414634146341,0.402608401084011,0.321544715447155,0.392073170731707,0.281978319783198,0.349620596205962,0.356639566395664,0.432520325203252,0.232317073170732,0.393360433604336,0.224417344173442,0.424119241192412,0.348407859078591,0.402947154471545,0.396138211382114,0,0.274390243902439,0.461138211382114,0.408563685636856,0.319647696476965,0.319065040650407,0.461246612466125,0.45189701897019,0.469065040650407,0.38360433604336
"22",0.464769647696477,0.357554200542005,0.399390243902439,0.233062330623306,0.307926829268293,0.284383468834688,0.294884823848238,0.377032520325203,0.384823848238482,0.334349593495935,0.435467479674797,0.405318428184282,0.392276422764228,0.173441734417344,0.428353658536585,0.33739837398374,0.443936314363144,0.356537940379404,0.331131436314363,0.390921409214092,0.274390243902439,0,0.383638211382114,0.436653116531165,0.372459349593496,0.368563685636856,0.544376693766938,0.577743902439024,0.532181571815718,0.500169376693767
"23",0.275301373703392,0.273573761378639,0.284794812233837,0.423181154888472,0.321433534848169,0.357167674240845,0.36864837398374,0.304968383017164,0.291935932179835,0.336128048780488,0.414960801393728,0.421457607433217,0.312282229965157,0.327791675352651,0.265437475803329,0.369128274616079,0.395260678797264,0.396810506566604,0.417083593912862,0.32942464040025,0.461138211382114,0.383638211382114,0,0.214676198486123,0.405923344947735,0.327913279132791,0.460365853658537,0.417841011743451,0.373212783851976,0.331337108013937
"24",0.219512195121951,0.259902022097144,0.165698799845141,0.499687304565353,0.205406156625669,0.36027725661872,0.343044263775971,0.273373983739837,0.426169133486207,0.354440275171982,0.355110336817654,0.334204413472706,0.279036004645761,0.300882496004447,0.196122080268422,0.333333333333333,0.271196283391405,0.3458411507192,0.375234521575985,0.277986241400876,0.408563685636856,0.436653116531165,0.214676198486123,0,0.366289198606272,0.324299909665763,0.25,0.266621499548329,0.254695822820297,0.299651567944251
"25",0.36080740117746,0.320095893266625,0.290214866434379,0.490306441525954,0.307535959974984,0.316447779862414,0.534943714821764,0.443992773261066,0.408762420957543,0.349554409005629,0.338632404181185,0.266114982578397,0.391941563093792,0.282416093391703,0.340248574899542,0.370144534778681,0.410423925667828,0.522826766729206,0.375790424570912,0.287523452157599,0.319647696476965,0.372459349593496,0.405923344947735,0.366289198606272,0,0.446251129177959,0.3986543313709,0.360540069686411,0.358704793944491,0.478876306620209
"26",0.449186991869919,0.357073170731707,0.279584462511292,0.453408380237649,0.389322493224932,0.40869918699187,0.314832186783406,0.228206865401987,0.472520325203252,0.384444444444444,0.318654019873532,0.326106594399277,0.425925925925926,0.335121951219512,0.381436314363144,0.246160794941283,0.422990063233966,0.291275797373358,0.33223889931207,0.330243902439024,0.319065040650407,0.368563685636856,0.327913279132791,0.324299909665763,0.446251129177959,0,0.38256549232159,0.347786811201445,0.311201445347787,0.402213188798555
"27",0.368376787216148,0.432266694461816,0.348432055749129,0.611788617886179,0.373636300465569,0.52850740045862,0.468339587242026,0.444105691056911,0.534778681120145,0.424562226391495,0.430458768873403,0.331881533101045,0.41661994206149,0.439302341741366,0.354811076846401,0.44579945799458,0.350174216027875,0.402126328955597,0.437895212285456,0.40556597873671,0.461246612466125,0.544376693766938,0.460365853658537,0.25,0.3986543313709,0.38256549232159,0,0.225029036004646,0.303896832071769,0.458188153310104
"28",0.39712543554007,0.447256097560976,0.300869467028004,0.628361475922452,0.432926829268293,0.534878048780488,0.462554721701063,0.362240289069557,0.441369606003752,0.383943089430894,0.399317653890825,0.346793134598013,0.413654181184669,0.471951219512195,0.378847270615563,0.4096657633243,0.407181571815718,0.359912445278299,0.3403342366757,0.360975609756098,0.45189701897019,0.577743902439024,0.417841011743451,0.266621499548329,0.360540069686411,0.347786811201445,0.225029036004646,0,0.265447154471545,0.402801974448316
"29",0.345934959349594,0.442307692307692,0.278455284552846,0.596466541588493,0.410986032937252,0.494110902647488,0.418529810298103,0.340560072267389,0.531165311653117,0.48827392120075,0.379678301093356,0.34465737514518,0.412881973647323,0.391668403863526,0.398467432950192,0.484191508581752,0.388404955478126,0.356160100062539,0.359078590785908,0.366166353971232,0.469065040650407,0.532181571815718,0.373212783851976,0.254695822820297,0.358704793944491,0.311201445347787,0.303896832071769,0.265447154471545,0,0.395833333333333
"30",0.294785534062237,0.346747967479675,0.343947606142728,0.422764227642277,0.349728997289973,0.495853658536585,0.390187443541102,0.351287262872629,0.385657702730873,0.443224932249323,0.311781609195402,0.498644986449865,0.420731707317073,0.433468834688347,0.345286488579171,0.338979223125565,0.469286359530262,0.461225766103815,0.496386630532972,0.443394308943089,0.38360433604336,0.500169376693767,0.331337108013937,0.299651567944251,0.478876306620209,0.402213188798555,0.458188153310104,0.402801974448316,0.395833333333333,0
