"","1","2","3","4","5","6","7","8","9","10","11","12","13","14","15","16","17","18","19","20","21","22","23","24","25","26","27","28","29","30"
"1",0,0.347705538888889,0.529187015740741,0.646802837681159,0.545192310185185,0.685450180676328,0.358526663888889,0.531898658333333,0.518571938888889,0.484279610185185,0.343869558333333,0.515666419967794,0.234940985185185,0.527706561111111,0.444736976851852,0.396647333333333,0.408030625,0.348631463888889,0.450854701851852,0.379120877777778,0.653128822222222,0.592587508333333,0.225269641666667,0.248143061111111,0.609485658333333,0.460966116666667,0.269530927777778,0.500979344444444,0.489975075,0.507046194444444
"2",0.347705538888889,0,0.464814813888889,0.453294049275362,0.311904758333333,0.462955885024155,0.475544369444445,0.584457675,0.366608161111111,0.346891536111111,0.340145502777778,0.599110796135266,0.342261905555556,0.321535416666667,0.503909752777778,0.368030116666667,0.232944141666667,0.433241763888889,0.613375055555556,0.271138583333333,0.458201061111111,0.425081402777778,0.318304847222222,0.376628005555556,0.418526152777778,0.559465305555556,0.361574072222222,0.609729855555555,0.634795997222222,0.54822955
"3",0.529187015740741,0.464814813888889,0,0.621772313043478,0.375793651851852,0.625999366183575,0.564433255555556,0.290939155555556,0.483737793518518,0.492261907407407,0.521164022222222,0.305632536231884,0.472817460185185,0.465979860185185,0.388631974074074,0.373585669444444,0.510258955555556,0.554538055555555,0.375412091666667,0.578545991666667,0.544312175,0.580636955555556,0.467378916666667,0.488665041666667,0.371303933333333,0.293724563888889,0.496759258333333,0.482878002777778,0.46164785,0.453785102777778
"4",0.646802837681159,0.453294049275362,0.621772313043478,0,0.455312680193237,0.195048309178744,0.476708075362319,0.56519881352657,0.475353028985507,0.465975209661836,0.56116154589372,0.621728513043478,0.698721933333333,0.462601529468599,0.706045286956522,0.577716733333333,0.5079604,0.563465520772947,0.61704624057971,0.447454480193237,0.293528690821256,0.247170463768116,0.601863354589372,0.701369647342995,0.494106015458937,0.640967251207729,0.620443809661836,0.703682913043478,0.671728514009662,0.699065670531401
"5",0.545192310185185,0.311904758333333,0.375793651851852,0.455312680193237,0,0.387075965217391,0.713375055555555,0.490806877777778,0.277586993518519,0.287764555555556,0.543584655555556,0.467140476328502,0.539748680555556,0.249577743518519,0.379174305555556,0.486813186111111,0.407282766666667,0.6479243,0.516417382407407,0.476561863888889,0.426455025,0.49981685,0.532987383333333,0.595940175,0.287838322222222,0.470444141666667,0.547486775,0.517401813888889,0.51006055,0.447964997222222
"6",0.685450180676328,0.462955885024155,0.625999366183575,0.195048309178744,0.387075965217391,0,0.573326432850242,0.54044035942029,0.378734671497585,0.497376175845411,0.614301642512077,0.654941073429952,0.737369276328502,0.371780273429952,0.651697460869565,0.59462494589372,0.561100496618357,0.587620110144928,0.606176675362319,0.500594576811594,0.325211460547504,0.317098,0.655003451207729,0.725524236714976,0.445595548470209,0.594469666666667,0.688076659903382,0.66443170531401,0.618588417391304,0.630225090821256
"7",0.358526663888889,0.475544369444445,0.564433255555556,0.476708075362319,0.713375055555555,0.573326432850242,0,0.565160766666667,0.615020863888889,0.558547011111111,0.462449127777778,0.561158003542673,0.408943836111111,0.659513636111111,0.612258344444444,0.459895202777778,0.494533477777778,0.271799961111111,0.533333336111111,0.418030119444444,0.563375052777778,0.490013227777778,0.3577381,0.401643263888889,0.606372101851852,0.529637263888889,0.432422669444444,0.549809219444444,0.588051994444444,0.636736875
"8",0.531898658333333,0.584457675,0.290939155555556,0.56519881352657,0.490806877777778,0.54044035942029,0.565160766666667,0,0.465153136111111,0.542460322222222,0.501917994444444,0.424524872463768,0.549603175,0.526098902777778,0.5140288,0.341244402777778,0.579637261111111,0.527487788888889,0.345716319444444,0.581125358333333,0.594510586111111,0.593798333333333,0.559244,0.625635941666667,0.422494407407407,0.247825091666667,0.568452380555555,0.561978530555555,0.563896522222222,0.492872408333333
"9",0.518571938888889,0.366608161111111,0.483737793518518,0.475353028985507,0.277586993518519,0.378734671497585,0.615020863888889,0.465153136111111,0,0.273684882407407,0.523883297222222,0.567614272463768,0.561052607407407,0.18986315,0.40378510462963,0.471461644444444,0.456364469444444,0.569411380555556,0.487507635185185,0.506845238888889,0.422957366666667,0.466938852777778,0.534450041666667,0.558381666666667,0.391483519444444,0.479894188888889,0.564161072222222,0.437566138888889,0.459605213888889,0.36807845
"10",0.484279610185185,0.346891536111111,0.492261907407407,0.465975209661836,0.287764555555556,0.497376175845411,0.558547011111111,0.542460322222222,0.273684882407407,0,0.437367727777778,0.51396586763285,0.423280425,0.341045999074074,0.385854194444444,0.433836997222222,0.341740438888889,0.506985144444444,0.569393571296296,0.455993080555556,0.428108469444444,0.492211027777778,0.503159338888889,0.468889908333333,0.3765288,0.517467952777778,0.472685186111111,0.430166363888889,0.442666366666667,0.407025841666667
"11",0.343869558333333,0.340145502777778,0.521164022222222,0.56116154589372,0.543584655555556,0.614301642512077,0.462449127777778,0.501917994444444,0.523883297222222,0.437367727777778,0,0.578199825120773,0.292129630555556,0.573717958333333,0.495444144444444,0.386350225,0.448089644444444,0.396998372222222,0.572502041666667,0.314987791666667,0.635648152777778,0.590954416666667,0.314468866666667,0.354273508333333,0.582745733333333,0.539425625,0.320701058333333,0.559597580555556,0.593922983333333,0.460398863888889
"12",0.515666419967794,0.599110796135266,0.305632536231884,0.621728513043478,0.467140476328502,0.654941073429952,0.561158003542673,0.424524872463768,0.567614272463768,0.51396586763285,0.578199825120773,0,0.557087560064412,0.507125605797101,0.451466528502415,0.572876519806763,0.587922706280193,0.647048358454106,0.307097731400966,0.536109783574879,0.541364073429952,0.608253699516908,0.542867757487923,0.52450540547504,0.34978720805153,0.427431385507246,0.407150825120773,0.502799457648953,0.424999999033816,0.571557304347826
"13",0.234940985185185,0.342261905555556,0.472817460185185,0.698721933333333,0.539748680555556,0.737369276328502,0.408943836111111,0.549603175,0.561052607407407,0.423280425,0.292129630555556,0.557087560064412,0,0.552024835185185,0.282547313888889,0.381588316666667,0.353645197222222,0.317038058333333,0.460927962962963,0.389194138888889,0.712500005555556,0.619195158333333,0.242974158333333,0.165979855555556,0.592137265740741,0.457150488888889,0.298478833333333,0.436978533333333,0.449478536111111,0.483084044444444
"14",0.527706561111111,0.321535416666667,0.465979860185185,0.462601529468599,0.249577743518519,0.371780273429952,0.659513636111111,0.526098902777778,0.18986315,0.341045999074074,0.573717958333333,0.507125605797101,0.552024835185185,0,0.418154765740741,0.527528494444444,0.403075397222222,0.564300975,0.471682946296296,0.476271877777778,0.387143877777778,0.455876069444444,0.538700652777778,0.5130291,0.330456352777778,0.513672672222222,0.540252344444444,0.481926638888889,0.419742063888889,0.438995727777778
"15",0.444736976851852,0.503909752777778,0.388631974074074,0.706045286956522,0.379174305555556,0.651697460869565,0.612258344444444,0.5140288,0.40378510462963,0.385854194444444,0.495444144444444,0.451466528502415,0.282547313888889,0.418154765740741,0,0.447865791666667,0.503108466666667,0.5329187,0.411993793518519,0.563408119444444,0.645907108333333,0.619731888888889,0.400704616666667,0.335813491666667,0.505026455555555,0.401734841666667,0.488896519444444,0.337581402777778,0.332275133333333,0.267203397222222
"16",0.396647333333333,0.368030116666667,0.373585669444444,0.577716733333333,0.486813186111111,0.59462494589372,0.459895202777778,0.341244402777778,0.471461644444444,0.433836997222222,0.386350225,0.572876519806763,0.381588316666667,0.527528494444444,0.447865791666667,0,0.506066847222222,0.389814819444444,0.505265572222222,0.475859788888889,0.605331711111111,0.572924302777778,0.393742369444444,0.448361822222222,0.548461032407407,0.351355822222222,0.423122705555556,0.517361111111111,0.532455741666667,0.417582416666667
"17",0.408030625,0.232944141666667,0.510258955555556,0.5079604,0.407282766666667,0.561100496618357,0.494533477777778,0.579637261111111,0.456364469444444,0.341740438888889,0.448089644444444,0.587922706280193,0.353645197222222,0.403075397222222,0.503108466666667,0.506066847222222,0,0.433050977777778,0.638977919444444,0.335762619444444,0.501330386111111,0.472840355555556,0.417701972222222,0.333167991666667,0.490476194444444,0.544062880555556,0.359399163888889,0.558613147222222,0.566203705555556,0.610589641666667
"18",0.348631463888889,0.433241763888889,0.554538055555555,0.563465520772947,0.6479243,0.587620110144928,0.271799961111111,0.527487788888889,0.569411380555556,0.506985144444444,0.396998372222222,0.647048358454106,0.317038058333333,0.564300975,0.5329187,0.389814819444444,0.433050977777778,0,0.494286736111111,0.425992063888889,0.595146519444444,0.4979243,0.292287344444444,0.298494097222222,0.590855211111111,0.427480158333333,0.398717947222222,0.510152113888889,0.498791716666667,0.529619452777778
"19",0.450854701851852,0.613375055555556,0.375412091666667,0.61704624057971,0.516417382407407,0.606176675362319,0.533333336111111,0.345716319444444,0.487507635185185,0.569393571296296,0.572502041666667,0.307097731400966,0.460927962962963,0.471682946296296,0.411993793518519,0.505265572222222,0.638977919444444,0.494286736111111,0,0.529405783333333,0.628057594444444,0.638029102777778,0.500198413888889,0.4860348,0.436861525,0.345576416666667,0.456496744444444,0.466608161111111,0.352866808333333,0.457900896296296
"20",0.379120877777778,0.271138583333333,0.578545991666667,0.447454480193237,0.476561863888889,0.500594576811594,0.418030119444444,0.581125358333333,0.506845238888889,0.455993080555556,0.314987791666667,0.536109783574879,0.389194138888889,0.476271877777778,0.563408119444444,0.475859788888889,0.335762619444444,0.425992063888889,0.529405783333333,0,0.567302605555556,0.544154458333333,0.394998980555556,0.384539072222222,0.461159441666667,0.564451061111111,0.283836994444444,0.561474866666667,0.545484841666667,0.615664427777778
"21",0.653128822222222,0.458201061111111,0.544312175,0.293528690821256,0.426455025,0.325211460547504,0.563375052777778,0.594510586111111,0.422957366666667,0.428108469444444,0.635648152777778,0.541364073429952,0.712500005555556,0.387143877777778,0.645907108333333,0.605331711111111,0.501330386111111,0.595146519444444,0.628057594444444,0.567302605555556,0,0.253917380555556,0.660765163888889,0.700569805555555,0.428579063888889,0.592666366666667,0.650793655555555,0.582745727777778,0.598552608333333,0.617806272222222
"22",0.592587508333333,0.425081402777778,0.580636955555556,0.247170463768116,0.49981685,0.317098,0.490013227777778,0.593798333333333,0.466938852777778,0.492211027777778,0.590954416666667,0.608253699516908,0.619195158333333,0.455876069444444,0.619731888888889,0.572924302777778,0.472840355555556,0.4979243,0.638029102777778,0.544154458333333,0.253917380555556,0,0.562830688888889,0.639672363888889,0.518144588888889,0.571833030555556,0.659340658333333,0.682282763888889,0.678858872222222,0.640242163888889
"23",0.225269641666667,0.318304847222222,0.467378916666667,0.601863354589372,0.532987383333333,0.655003451207729,0.3577381,0.559244,0.534450041666667,0.503159338888889,0.314468866666667,0.542867757487923,0.242974158333333,0.538700652777778,0.400704616666667,0.393742369444444,0.417701972222222,0.292287344444444,0.500198413888889,0.394998980555556,0.660765163888889,0.562830688888889,0,0.217867313888889,0.626432133333333,0.492584963888889,0.343304841666667,0.549793952777778,0.492239011111111,0.478144075
"24",0.248143061111111,0.376628005555556,0.488665041666667,0.701369647342995,0.595940175,0.725524236714976,0.401643263888889,0.625635941666667,0.558381666666667,0.468889908333333,0.354273508333333,0.52450540547504,0.165979855555556,0.5130291,0.335813491666667,0.448361822222222,0.333167991666667,0.298494097222222,0.4860348,0.384539072222222,0.700569805555555,0.639672363888889,0.217867313888889,0,0.599437832407407,0.483580077777778,0.284233822222222,0.4204187,0.387334658333333,0.444088316666667
"25",0.609485658333333,0.418526152777778,0.371303933333333,0.494106015458937,0.287838322222222,0.445595548470209,0.606372101851852,0.422494407407407,0.391483519444444,0.3765288,0.582745733333333,0.34978720805153,0.592137265740741,0.330456352777778,0.505026455555555,0.548461032407407,0.490476194444444,0.590855211111111,0.436861525,0.461159441666667,0.428579063888889,0.518144588888889,0.626432133333333,0.599437832407407,0,0.410729552777778,0.588301286111111,0.546642249074074,0.549272488888889,0.585060541666667
"26",0.460966116666667,0.559465305555556,0.293724563888889,0.640967251207729,0.470444141666667,0.594469666666667,0.529637263888889,0.247825091666667,0.479894188888889,0.517467952777778,0.539425625,0.427431385507246,0.457150488888889,0.513672672222222,0.401734841666667,0.351355822222222,0.544062880555556,0.427480158333333,0.345576416666667,0.564451061111111,0.592666366666667,0.571833030555556,0.492584963888889,0.483580077777778,0.410729552777778,0,0.50972985,0.476190477777778,0.444988808333333,0.45399115
"27",0.269530927777778,0.361574072222222,0.496759258333333,0.620443809661836,0.547486775,0.688076659903382,0.432422669444444,0.568452380555555,0.564161072222222,0.472685186111111,0.320701058333333,0.407150825120773,0.298478833333333,0.540252344444444,0.488896519444444,0.423122705555556,0.359399163888889,0.398717947222222,0.456496744444444,0.283836994444444,0.650793655555555,0.659340658333333,0.343304841666667,0.284233822222222,0.588301286111111,0.50972985,0,0.531224561111111,0.424676947222222,0.561655472222222
"28",0.500979344444444,0.609729855555555,0.482878002777778,0.703682913043478,0.517401813888889,0.66443170531401,0.549809219444444,0.561978530555555,0.437566138888889,0.430166363888889,0.559597580555556,0.502799457648953,0.436978533333333,0.481926638888889,0.337581402777778,0.517361111111111,0.558613147222222,0.510152113888889,0.466608161111111,0.561474866666667,0.582745727777778,0.682282763888889,0.549793952777778,0.4204187,0.546642249074074,0.476190477777778,0.531224561111111,0,0.283613147222222,0.346848288888889
"29",0.489975075,0.634795997222222,0.46164785,0.671728514009662,0.51006055,0.618588417391304,0.588051994444444,0.563896522222222,0.459605213888889,0.442666366666667,0.593922983333333,0.424999999033816,0.449478536111111,0.419742063888889,0.332275133333333,0.532455741666667,0.566203705555556,0.498791716666667,0.352866808333333,0.545484841666667,0.598552608333333,0.678858872222222,0.492239011111111,0.387334658333333,0.549272488888889,0.444988808333333,0.424676947222222,0.283613147222222,0,0.338367419444444
"30",0.507046194444444,0.54822955,0.453785102777778,0.699065670531401,0.447964997222222,0.630225090821256,0.636736875,0.492872408333333,0.36807845,0.407025841666667,0.460398863888889,0.571557304347826,0.483084044444444,0.438995727777778,0.267203397222222,0.417582416666667,0.610589641666667,0.529619452777778,0.457900896296296,0.615664427777778,0.617806272222222,0.640242163888889,0.478144075,0.444088316666667,0.585060541666667,0.45399115,0.561655472222222,0.346848288888889,0.338367419444444,0
